rec_circuit,1048576,4000,1,262144,182767785766
rec_circuit,1048576,4000,2,262144,210572420910
rec_circuit,1048576,4000,3,262144,398211232481
rec_circuit,1048576,4000,4,262144,442637221415
rec_circuit,1048576,4000,5,262144,440803519213
rec_circuit,1048576,4000,6,262144,436200654292
rec_circuit,1048576,4000,7,262144,435381603395
rec_circuit,1048576,4000,8,262144,436140389374
rec_path_4_3,1048576,4000,1,262144,302296361577
rec_path_4_3,1048576,4000,2,262144,392296361577
rec_path_4_3,1048576,4000,3,262144,344028666383
rec_path_4_3,1048576,4000,4,262144,614512557249
rec_taostore_asynch,1048576,4000,3,262144,165800738091
rec_taostore_asynch,1048576,4000,4,262144,124626982531
rec_taostore_asynch,1048576,4000,5,262144,91517790045
rec_taostore_asynch,1048576,4000,6,262144,74711104301
rec_taostore_asynch,1048576,4000,7,262144,67230601793
rec_taostore_asynch,1048576,4000,8,262144,61656786417
rec_taostore_asynch,1048576,4000,9,262144,51358474719
rec_taostore_asynch,1048576,4000,10,262144,50293707289
rec_taostore_circuit_1_parallel,1048576,4000,1,262144,160816621303
rec_taostore_circuit_1_parallel,1048576,4000,2,262144,110486001297
rec_taostore_circuit_1_parallel,1048576,4000,3,262144,84387109126
rec_taostore_circuit_1_parallel,1048576,4000,4,262144,78246950394
rec_taostore_circuit_1_parallel,1048576,4000,5,262144,83043176346
rec_taostore_circuit_1_parallel,1048576,4000,6,262144,107051526035
rec_taostore_circuit_1_parallel,1048576,4000,7,262144,116592043358
rec_taostore_circuit_1_parallel,1048576,4000,8,262144,126896139351
rec_taostore_circuit_1_parallel,1048576,4000,9,262144,135893706476
rec_taostore_circuit_1_parallel,1048576,4000,10,262144,144037765903
rec_taostore_circuit_1_parallel,1048576,4000,11,262144,144785181063
rec_taostore_circuit_1_parallel,1048576,4000,12,262144,145834732117
rec_taostore_circuit_1_parallel,1048576,4000,13,262144,152285137534
rec_taostore_circuit_1_parallel,1048576,4000,14,262144,150865225452
rec_taostore_circuit_1_parallel,1048576,4000,15,262144,155568094795
rec_taostore_circuit_1_parallel,1048576,4000,16,262144,151098953927
rec_taostore_circuit_2_parallel,1048576,4000,1,262144,170471886901
rec_taostore_circuit_2_parallel,1048576,4000,2,262144,112865556421
rec_taostore_circuit_2_parallel,1048576,4000,3,262144,81692198024
rec_taostore_circuit_2_parallel,1048576,4000,4,262144,67891242820
rec_taostore_circuit_2_parallel,1048576,4000,5,262144,58319199255
rec_taostore_circuit_2_parallel,1048576,4000,6,262144,50757659411
rec_taostore_circuit_2_parallel,1048576,4000,7,262144,45615218023
rec_taostore_circuit_2_parallel,1048576,4000,8,262144,41747336391
rec_taostore_circuit_2_parallel,1048576,4000,9,262144,38453340899
rec_taostore_circuit_2_parallel,1048576,4000,10,262144,38543323858
rec_taostore_circuit_2_parallel,1048576,4000,11,262144,36261568243
rec_taostore_circuit_2_parallel,1048576,4000,12,262144,35332809993
rec_taostore_circuit_2_parallel,1048576,4000,13,262144,35223470644
rec_taostore_circuit_2_parallel,1048576,4000,14,262144,32941484375
rec_taostore_circuit_2_parallel,1048576,4000,15,262144,31942207628
rec_taostore_circuit_2_parallel,1048576,4000,16,262144,30467681543
rec_mose,1048576,4000,1,262144,285299422022
rec_mose,1048576,4000,2,262144,132810392027
rec_mose,1048576,4000,3,262144,98595969361
rec_mose,1048576,4000,4,262144,74559560962
rec_mose,1048576,4000,5,262144,74214981324
rec_mose,1048576,4000,6,262144,70907910770
rec_mose,1048576,4000,7,262144,67962809582
rec_mose,1048576,4000,8,262144,61119389830
rec_mose,1048576,4000,9,262144,61789589282
rec_mose,1048576,4000,10,262144,58684938999
rec_mose,1048576,4000,11,262144,57507188816
rec_mose,1048576,4000,12,262144,54325289879
rec_mose,1048576,4000,13,262144,54004830127
rec_mose,1048576,4000,14,262144,56921785468
rec_mose,1048576,4000,15,262144,56881343541
rec_mose,1048576,4000,16,262144,58475484578

rec_taostore_asynch,1048576,4000,1,262144,145371847067
rec_taostore_asynch,1048576,4000,2,262144,92505300851
rec_taostore_asynch,1048576,4000,3,262144,70565074306
rec_taostore_asynch,1048576,4000,4,262144,62661806009
rec_taostore_asynch,1048576,4000,5,262144,60440591406
rec_taostore_asynch,1048576,4000,6,262144,58180681479
rec_taostore_asynch,1048576,4000,7,262144,65192902868
rec_taostore_asynch,1048576,4000,8,262144,56168910847
rec_taostore_asynch,1048576,4000,9,262144,58663694079
rec_taostore_asynch,1048576,4000,10,262144,58521256877
rec_taostore_asynch,1048576,4000,11,262144,55293707289
rec_taostore_asynch,1048576,4000,12,262144,55697940353
rec_taostore_asynch,1048576,4000,13,262144,54134798586
rec_taostore_asynch,1048576,4000,14,262144,55709126522
rec_taostore_asynch,1048576,4000,15,262144,54463997594
rec_taostore_asynch,1048576,4000,16,262144,53906700410

