rec_circuit,16777216,8,1,262144,45781399792
rec_circuit,16777216,8,2,262144,28448272750
rec_circuit,16777216,8,3,262144,23232230711
rec_circuit,16777216,8,4,262144,23771000515
rec_circuit,16777216,8,5,262144,29764298819
rec_circuit,16777216,8,6,262144,42222798728
rec_circuit,16777216,8,7,262144,48507274125
rec_circuit,16777216,8,8,262144,49786400948
rec_path_4_3,16777216,8,1,262144,47980446087
rec_path_4_3,16777216,8,2,262144,39126940600
rec_path_4_3,16777216,8,3,262144,41023957908
rec_path_4_3,16777216,8,4,262144,72089025887
rec_path_4_3,16777216,8,5,262144,77897639426
rec_path_4_3,16777216,8,6,262144,49710720542
rec_path_4_3,16777216,8,7,262144,79660230142
rec_path_4_3,16777216,8,8,262144,86374944524
rec_taostore_asynch,16777216,8,4,262144,32322033867
rec_taostore_asynch,16777216,8,5,262144,20802769770
rec_taostore_asynch,16777216,8,6,262144,20081174900
rec_taostore_asynch,16777216,8,7,262144,15643547192
rec_taostore_asynch,16777216,8,8,262144,15316517502
rec_taostore_asynch,16777216,8,9,262144,13024556870
rec_taostore_asynch,16777216,8,10,262144,12032612706
rec_taostore_circuit_1_parallel,16777216,8,1,262144,51222826234
rec_taostore_circuit_1_parallel,16777216,8,2,262144,33173610201
rec_taostore_circuit_1_parallel,16777216,8,3,262144,29233650249
rec_taostore_circuit_1_parallel,16777216,8,4,262144,28008870919
rec_taostore_circuit_1_parallel,16777216,8,5,262144,29222011269
rec_taostore_circuit_1_parallel,16777216,8,6,262144,33481366405
rec_taostore_circuit_1_parallel,16777216,8,7,262144,37785587017
rec_taostore_circuit_1_parallel,16777216,8,8,262144,41368432882
rec_taostore_circuit_1_parallel,16777216,8,9,262144,42928316129
rec_taostore_circuit_1_parallel,16777216,8,10,262144,43826407718
rec_taostore_circuit_1_parallel,16777216,8,11,262144,43585152359
rec_taostore_circuit_1_parallel,16777216,8,12,262144,43952229173
rec_taostore_circuit_1_parallel,16777216,8,13,262144,43639243150
rec_taostore_circuit_1_parallel,16777216,8,14,262144,43803107813
rec_taostore_circuit_1_parallel,16777216,8,15,262144,43681299964
rec_taostore_circuit_1_parallel,16777216,8,16,262144,44532413456
rec_taostore_circuit_2_parallel,16777216,8,1,262144,53814096250
rec_taostore_circuit_2_parallel,16777216,8,2,262144,36819994556
rec_taostore_circuit_2_parallel,16777216,8,3,262144,32316002519
rec_taostore_circuit_2_parallel,16777216,8,4,262144,28182322183
rec_taostore_circuit_2_parallel,16777216,8,5,262144,28897693441
rec_taostore_circuit_2_parallel,16777216,8,6,262144,28876835194
rec_taostore_circuit_2_parallel,16777216,8,7,262144,34692096398
rec_taostore_circuit_2_parallel,16777216,8,8,262144,37941881564
rec_taostore_circuit_2_parallel,16777216,8,9,262144,41521094728
rec_taostore_circuit_2_parallel,16777216,8,10,262144,43980046610
rec_taostore_circuit_2_parallel,16777216,8,11,262144,45182630439
rec_taostore_circuit_2_parallel,16777216,8,12,262144,45026727954
rec_taostore_circuit_2_parallel,16777216,8,13,262144,42820380183
rec_taostore_circuit_2_parallel,16777216,8,14,262144,42532365649
rec_taostore_circuit_2_parallel,16777216,8,15,262144,43080046316
rec_taostore_circuit_2_parallel,16777216,8,16,262144,43094112935


rec_taostore_asynch,16777216,8,1,262144,51721925063
rec_taostore_asynch,16777216,8,2,262144,24616522629
rec_taostore_asynch,16777216,8,3,262144,23362363277
rec_taostore_asynch,16777216,8,4,262144,31721419240
rec_taostore_asynch,16777216,8,5,262144,25194881111
rec_taostore_asynch,16777216,8,6,262144,30369230114
rec_taostore_asynch,16777216,8,7,262144,18844149373
rec_taostore_asynch,16777216,8,8,262144,15399186344
rec_taostore_asynch,16777216,8,10,262144,14209907592
rec_taostore_asynch,16777216,8,11,262144,12093856828