circuit,134217728,8,1,262144,11902346237
path_4_3,134217728,8,1,262144,12071220488
taostore_circuit_1,134217728,8,1,262144,16091942795
taostore_circuit_1,134217728,8,2,262144,14227220381
taostore_circuit_1,134217728,8,3,262144,12408068847
taostore_circuit_1,134217728,8,4,262144,12560320010
taostore_circuit_1,134217728,8,5,262144,13241096609
taostore_circuit_1,134217728,8,6,262144,15184475159
taostore_circuit_1,134217728,8,7,262144,16155666845
taostore_circuit_1,134217728,8,8,262144,19970991874
taostore_circuit_2,134217728,8,1,262144,18864791534
taostore_circuit_2,134217728,8,2,262144,20887165057
taostore_circuit_2,134217728,8,3,262144,18247686818
taostore_circuit_2,134217728,8,4,262144,18584631696
taostore_circuit_2,134217728,8,5,262144,18545098056
taostore_circuit_2,134217728,8,6,262144,19039116582
taostore_circuit_2,134217728,8,7,262144,18511761540
taostore_circuit_2,134217728,8,8,262144,18919333355
taostore_circuit_1_parallel,134217728,8,1,262144,17626355289
taostore_circuit_1_parallel,134217728,8,2,262144,18086545280
taostore_circuit_1_parallel,134217728,8,3,262144,17607853977
taostore_circuit_1_parallel,134217728,8,4,262144,18105099347
taostore_circuit_1_parallel,134217728,8,5,262144,15706910076
taostore_circuit_1_parallel,134217728,8,6,262144,18417695552
taostore_circuit_1_parallel,134217728,8,7,262144,18735338261
taostore_circuit_1_parallel,134217728,8,7,262144,16586915109
taostore_circuit_1_parallel,134217728,8,8,262144,20630444924
taostore_circuit_2_parallel,134217728,8,1,262144,19420884915
taostore_circuit_2_parallel,134217728,8,2,262144,24656112895
taostore_circuit_2_parallel,134217728,8,3,262144,23550462535
taostore_circuit_2_parallel,134217728,8,4,262144,22273332046
taostore_circuit_2_parallel,134217728,8,5,262144,20876723197
taostore_circuit_2_parallel,134217728,8,6,262144,21597864310
taostore_circuit_2_parallel,134217728,8,7,262144,21046851489
taostore_circuit_2_parallel,134217728,8,8,262144,20856009358