circuit,1048576,4000,1,262144,157500092070
path_4_3,1048576,4000,1,262144,245803176737
taostore_circuit_1,1048576,4000,1,262144,136696459390
taostore_circuit_1,1048576,4000,2,262144,90967444742
taostore_circuit_1,1048576,4000,3,262144,71678734396
taostore_circuit_1,1048576,4000,4,262144,70230896237
taostore_circuit_1,1048576,4000,5,262144,108237388376
taostore_circuit_1,1048576,4000,6,262144,129300406396
taostore_circuit_1,1048576,4000,7,262144,137172017369
taostore_circuit_1,1048576,4000,8,262144,160268067453
taostore_circuit_2,1048576,4000,1,262144,139945460577
taostore_circuit_2,1048576,4000,2,262144,100267872576
taostore_circuit_2,1048576,4000,3,262144,67215455067
taostore_circuit_2,1048576,4000,4,262144,56678570646
taostore_circuit_2,1048576,4000,5,262144,47456004593
taostore_circuit_2,1048576,4000,6,262144,47027318513
taostore_circuit_2,1048576,4000,7,262144,54012549011
taostore_circuit_2,1048576,4000,8,262144,58948980826
taostore_circuit_1_parallel,1048576,4000,1,262144,139397527921
taostore_circuit_1_parallel,1048576,4000,2,262144,92486478211
taostore_circuit_1_parallel,1048576,4000,3,262144,79969783957
taostore_circuit_1_parallel,1048576,4000,4,262144,76044493086
taostore_circuit_1_parallel,1048576,4000,5,262144,102064845282
taostore_circuit_1_parallel,1048576,4000,6,262144,131813870615
taostore_circuit_1_parallel,1048576,4000,7,262144,137538855770
taostore_circuit_1_parallel,1048576,4000,8,262144,147642564866
taostore_circuit_2_parallel,1048576,4000,1,262144,145828142946
taostore_circuit_2_parallel,1048576,4000,2,262144,100540979571
taostore_circuit_2_parallel,1048576,4000,3,262144,69253119406
taostore_circuit_2_parallel,1048576,4000,4,262144,59816201744
taostore_circuit_2_parallel,1048576,4000,5,262144,51704817875



//new wb
taostore_circuit_2_parallel,1048576,4000,9,262144,36271751029
taostore_circuit_2_parallel,1048576,4000,10,262144,33248880528
taostore_circuit_2_parallel,1048576,4000,11,262144,31712952290
taostore_circuit_2_parallel,1048576,4000,12,262144,31429963237
taostore_circuit_2_parallel,1048576,4000,13,262144,30133541870
taostore_circuit_2_parallel,1048576,4000,14,262144,30734488502
taostore_circuit_2_parallel,1048576,4000,15,262144,28693540708


//read old stash
taostore_circuit_2_parallel,1048576,4000,9,262144,36116560944
taostore_circuit_2_parallel,1048576,4000,10,262144,33868123398
taostore_circuit_2_parallel,1048576,4000,11,262144,32146448387
taostore_circuit_2_parallel,1048576,4000,12,262144,31387747896
taostore_circuit_2_parallel,1048576,4000,13,262144,29219527831
taostore_circuit_2_parallel,1048576,4000,14,262144,29579847225
taostore_circuit_2_parallel,1048576,4000,15,262144,31128401598

//read + mono stash
taostore_circuit_2_parallel,1048576,4000,9,262144,35327913731
taostore_circuit_2_parallel,1048576,4000,10,262144,31674028390
taostore_circuit_2_parallel,1048576,4000,11,262144,32073460889
taostore_circuit_2_parallel,1048576,4000,12,262144,31060406137
taostore_circuit_2_parallel,1048576,4000,13,262144,30623265505
taostore_circuit_2_parallel,1048576,4000,14,262144,30394104906
taostore_circuit_2_parallel,1048576,4000,15,262144,31098124610
taostore_circuit_2_parallel,1048576,4000,16,262144,32562247614

//no parallel read mono stash
taostore_circuit_2_parallel,1048576,4000,9,262144,34442325915
taostore_circuit_2_parallel,1048576,4000,10,262144,31484894318
taostore_circuit_2_parallel,1048576,4000,11,262144,34139627230
taostore_circuit_2_parallel,1048576,4000,12,262144,30888143792
taostore_circuit_2_parallel,1048576,4000,13,262144,29507602738
taostore_circuit_2_parallel,1048576,4000,14,262144,31972184469

//old
taostore_circuit_2_parallel,1048576,4000,9,262144,34778082215
taostore_circuit_2_parallel,1048576,4000,10,262144,32998339408
taostore_circuit_2_parallel,1048576,4000,11,262144,33842465888
taostore_circuit_2_parallel,1048576,4000,12,262144,33614087754
taostore_circuit_2_parallel,1048576,4000,13,262144,31302836191
taostore_circuit_2_parallel,1048576,4000,14,262144,30447323984
taostore_circuit_2_parallel,1048576,4000,15,262144,30568185829
taostore_circuit_2_parallel,1048576,4000,16,262144,30656871598

mose,1048576,4000,1,262144,180794800608
mose,1048576,4000,2,262144,115354295395
mose,1048576,4000,3,262144,90429646174
mose,1048576,4000,4,262144,71239934838
mose,1048576,4000,5,262144,62873500166
mose,1048576,4000,6,262144,60248116107
mose,1048576,4000,7,262144,57270503556
mose,1048576,4000,8,262144,49228715745
mose,1048576,4000,9,262144,54226218202
mose,1048576,4000,10,262144,52091511799
mose,1048576,4000,11,262144,49210536694
mose,1048576,4000,12,262144,48708322300
mose,1048576,4000,13,262144,47125347967
mose,1048576,4000,14,262144,49665696407
mose,1048576,4000,15,262144,51258015959
mose,1048576,4000,16,262144,53353246707