circuit,131072,24000,1,262144,751091872696
path_4_3,131072,24000,1,262144,1225328693793
taostore_circuit_1,131072,24000,1,262144,672111523552
taostore_circuit_1,131072,24000,2,262144,433640229131
taostore_circuit_1,131072,24000,3,262144,381557348374
taostore_circuit_1,131072,24000,4,262144,307649977497
taostore_circuit_1,131072,24000,5,262144,319145166889
taostore_circuit_1,131072,24000,6,262144,456998133832
taostore_circuit_1,131072,24000,7,262144,512758540442
taostore_circuit_1,131072,24000,8,262144,587188459682
taostore_circuit_2,131072,24000,1,262144,698486326265
taostore_circuit_2,131072,24000,2,262144,422866239935
taostore_circuit_2,131072,24000,3,262144,303928464092
taostore_circuit_2,131072,24000,4,262144,241078754145
taostore_circuit_2,131072,24000,5,262144,201488868933
taostore_circuit_2,131072,24000,6,262144,200215377465
taostore_circuit_2,131072,24000,7,262144,202870370107
taostore_circuit_2,131072,24000,8,262144,211847664443
taostore_circuit_1_parallel,131072,24000,1,262144,736487259521
taostore_circuit_1_parallel,131072,24000,2,262144,496027736794
taostore_circuit_1_parallel,131072,24000,3,262144,332834550399
taostore_circuit_1_parallel,131072,24000,4,262144,293957761261
taostore_circuit_1_parallel,131072,24000,5,262144,288634659893
taostore_circuit_1_parallel,131072,24000,6,262144,372629347999
taostore_circuit_1_parallel,131072,24000,7,262144,517253796935
taostore_circuit_1_parallel,131072,24000,8,262144,486809308036
taostore_circuit_2_parallel,131072,24000,1,262144,685118908386
taostore_circuit_2_parallel,131072,24000,2,262144,440995028822
taostore_circuit_2_parallel,131072,24000,3,262144,287422740088
taostore_circuit_2_parallel,131072,24000,4,262144,239746755777
taostore_circuit_2_parallel,131072,24000,5,262144,189142202702
taostore_circuit_2_parallel,131072,24000,6,262144,165917573002
taostore_circuit_2_parallel,131072,24000,7,262144,148639539309
taostore_circuit_2_parallel,131072,24000,8,262144,143465435307
taostore_circuit_2_parallel,131072,24000,9,262144,129186338479
taostore_circuit_2_parallel,131072,24000,10,262144,134179209773
taostore_circuit_2_parallel,131072,24000,11,262144,123276343681
taostore_circuit_2_parallel,131072,24000,12,262144,133155692430
taostore_circuit_2_parallel,131072,24000,13,262144,120908911191
taostore_circuit_2_parallel,131072,24000,14,262144,129443086745
taostore_circuit_2_parallel,131072,24000,15,262144,134256580694
taostore_circuit_2_parallel,131072,24000,16,262144,138059566823
mose,131072,24000,1,262144,789507184623
mose,131072,24000,2,262144,459630688987
mose,131072,24000,3,262144,328612790011
mose,131072,24000,4,262144,265526903424
mose,131072,24000,5,262144,228465701882
mose,131072,24000,6,262144,205277321674
mose,131072,24000,7,262144,176388856513
mose,131072,24000,8,262144,163122445226
mose,131072,24000,9,262144,158767087079
mose,131072,24000,10,262144,147911085469
mose,131072,24000,11,262144,132839672951
mose,131072,24000,12,262144,131391858437
mose,131072,24000,13,262144,126678382803
mose,131072,24000,14,262144,126118278974
mose,131072,24000,15,262144,121273795843
mose,131072,24000,16,262144,127281309545

mose_tao_2_4,131072,24000,4,262144,266509313441
mose_tao_2_4,131072,24000,8,262144,160894967539
mose_tao_2_4,131072,24000,12,262144,116730485229
mose_tao_2_4,131072,24000,16,262144,79954847504
mose_tao_2_4,131072,24000,20,262144,92710664197
mose_tao_2_4,131072,24000,24,262144,102848664427
mose_tao_2_4,131072,24000,28,262144,101154222454

mose_tao_2_5,131072,24000,5,262144,224630722326
mose_tao_2_5,131072,24000,10,262144,152865510787
mose_tao_2_5,131072,24000,15,262144,122333440948
mose_tao_2_5,131072,24000,20,262144,98624416684
mose_tao_2_5,131072,24000,25,262144,103870315454
mose_tao_2_5,131072,24000,30,262144,105771040895