rec_circuit,131072,24000,1,262144,785594900939
rec_circuit,131072,24000,2,262144,896016416362
rec_circuit,131072,24000,3,262144,1761799386223
rec_circuit,131072,24000,4,262144,1908277797567
rec_circuit,131072,24000,5,262144,1926572955441
rec_circuit,131072,24000,6,262144,1998069579810
rec_circuit,131072,24000,7,262144,1961129571308
rec_circuit,131072,24000,8,262144,1982802081694
rec_path_4_3,131072,24000,1,262144,1277046733739
rec_path_4_3,131072,24000,2,262144,1614432643302
rec_path_4_3,131072,24000,3,262144,1895595694619
rec_path_4_3,131072,24000,4,262144,1984098735369
rec_path_4_3,131072,24000,5,262144,1999594895969
rec_path_4_3,131072,24000,6,262144,2006465313813
rec_path_4_3,131072,24000,7,262144,1950061731809
rec_path_4_3,131072,24000,8,262144,1986828948925
rec_taostore_asynch,131072,24000,3,262144,696446331380
rec_taostore_asynch,131072,24000,4,262144,427687745195
rec_taostore_asynch,131072,24000,5,262144,312299129852
rec_taostore_asynch,131072,24000,6,262144,263304328608
rec_taostore_asynch,131072,24000,7,262144,223168470836
rec_taostore_asynch,131072,24000,8,262144,215919139249
rec_taostore_asynch,131072,24000,9,262144,226822212033
rec_taostore_asynch,131072,24000,10,262144,218024808555

rec_taostore_circuit_1_parallel,131072,24000,1,262144,713137219821
rec_taostore_circuit_1_parallel,131072,24000,2,262144,485842176797
rec_taostore_circuit_1_parallel,131072,24000,3,262144,369695690142
rec_taostore_circuit_1_parallel,131072,24000,4,262144,339380910280
rec_taostore_circuit_1_parallel,131072,24000,5,262144,314453766450
rec_taostore_circuit_1_parallel,131072,24000,6,262144,351424133770
rec_taostore_circuit_1_parallel,131072,24000,7,262144,467168282016
rec_taostore_circuit_1_parallel,131072,24000,8,262144,437921448445
rec_taostore_circuit_2_parallel,131072,24000,1,262144,735322698659
rec_taostore_circuit_2_parallel,131072,24000,2,262144,407427772547
taostore_circuit_2_parallel,131072,24000,1,262144,701569030879
taostore_circuit_2_parallel,131072,24000,2,262144,451296370211
taostore_circuit_2_parallel,131072,24000,3,262144,304251818171
taostore_circuit_2_parallel,131072,24000,4,262144,213638206066
taostore_circuit_2_parallel,131072,24000,5,262144,192398651872
taostore_circuit_2_parallel,131072,24000,6,262144,156426395697
taostore_circuit_2_parallel,131072,24000,7,262144,136426395697
taostore_circuit_2_parallel,131072,24000,8,262144,129281995496
taostore_circuit_2_parallel,131072,24000,9,262144,127436195729
taostore_circuit_2_parallel,131072,24000,10,262144,126788858778
taostore_circuit_2_parallel,131072,24000,11,262144,136935749386
taostore_circuit_2_parallel,131072,24000,12,262144,102127154997
taostore_circuit_2_parallel,131072,24000,13,262144,121561121293
taostore_circuit_2_parallel,131072,24000,14,262144,114497292950
taostore_circuit_2_parallel,131072,24000,15,262144,129848407789
taostore_circuit_2_parallel,131072,24000,16,262144,116853144336

rec_mose,131072,24000,1,262144,846244661333
rec_mose,131072,24000,2,262144,460280169875
rec_mose,131072,24000,3,262144,362232865208
rec_mose,131072,24000,4,262144,290653970984
rec_mose,131072,24000,5,262144,262109211015
rec_mose,131072,24000,6,262144,233190310806
rec_mose,131072,24000,7,262144,205461634736
rec_mose,131072,24000,8,262144,182708273931
rec_mose,131072,24000,9,262144,182324562331
rec_mose,131072,24000,10,262144,164984436630
rec_mose,131072,24000,11,262144,149842680744
rec_mose,131072,24000,12,262144,173574666150
rec_mose,131072,24000,13,262144,185435121343
rec_mose,131072,24000,14,262144,136723477944
rec_mose,131072,24000,15,262144,148413571998
rec_mose,131072,24000,16,262144,171469443804
rec_mose,131072,24000,17,262144,176311402645
rec_mose,131072,24000,18,262144,175463762521
rec_mose,131072,24000,19,262144,166692319607
rec_mose,131072,24000,20,262144,162557016936
rec_mose,131072,24000,21,262144,160512319607
rec_mose,131072,24000,22,262144,157555416456
rec_mose,131072,24000,23,262144,152430964432
rec_mose,131072,24000,24,262144,141164766051