nohup: ignoring input
nohup: ignoring input
rec_taostore_asynch,131072,24000,1,262144,812194889023
rec_taostore_asynch,131072,24000,2,262144,920723431092
rec_taostore_asynch,131072,24000,3,262144,1626895713641
rec_taostore_asynch,131072,24000,4,262144,1948983226519
rec_taostore_asynch,131072,24000,5,262144,857166038000
rec_taostore_asynch,131072,24000,6,262144,429069935092
rec_taostore_asynch,131072,24000,7,262144,317682940749
rec_taostore_asynch,131072,24000,8,262144,258498856040
rec_taostore_asynch,131072,24000,9,262144,218000680676
rec_taostore_asynch,131072,24000,10,262144,222631203373
rec_taostore_asynch,131072,24000,11,262144,219875839792
rec_taostore_asynch,131072,24000,12,262144,215586243903
rec_taostore_asynch,131072,24000,13,262144,244507661964
rec_taostore_asynch,131072,24000,14,262144,234689608454
rec_taostore_asynch,131072,24000,15,262144,218757106711
rec_taostore_asynch,131072,24000,16,262144,219648210585
rec_taostore_asynch,131072,24000,17,262144,218479538760
rec_taostore_asynch,131072,24000,18,262144,219333141539
rec_taostore_asynch,131072,24000,19,262144,217591579942