name,N,block_size,clients,bench_size,time,avg_res_time,variance,standard_dev,25th,75th
rec_circuit,131072,24000,1,262144,791742596368,3006426,19408857088,139315,2967212,3017050
rec_circuit,131072,24000,2,262144,833891821786,6262271,847674475544576,29114850,3011320,3062529
rec_circuit,131072,24000,4,262144,806808556327,10923559,26008850918277120,161272592,3013295,3051597
rec_circuit,131072,24000,8,262144,935494005347,27614796,14838319586213888,121812640,3046810,3520284
rec_circuit,131072,24000,16,262144,856424586493,49501616,118559162002046976,344324224,3036980,3174224
rec_circuit,131072,24000,32,262144,830113207789,93280448,713821365571944448,844879488,3035411,3113779
rec_circuit_pipe,131072,24000,1,262144,790213159520,3000871,17357746176,131748,2964971,3009823
rec_circuit_pipe,131072,24000,2,262144,790778027884,6030209,88852316160,298081,5945433,6017420
rec_circuit_pipe,131072,24000,4,262144,1914374456754,29189604,1946550534144,1395188,28577482,29833685
rec_circuit_pipe,131072,24000,8,262144,1940749303540,59146048,230144195166208,15170504,58292470,60093104
rec_circuit_pipe,131072,24000,16,262144,1938445615095,118235640,274773166784512,16576283,116820412,119778445
rec_circuit_pipe,131072,24000,32,262144,1927022095021,235153760,239534419738624,15476900,233261451,237719291
rec_taostore_asynch,131072,24000,1,262144,256324880713,944557,27908511744,167058,855347,1013816
rec_taostore_asynch,131072,24000,2,262144,210672111729,1576055,36746457088,191693,1469857,1663436
rec_taostore_asynch,131072,24000,4,262144,215658665622,3255454,223278907392,472523,3077182,3409910
rec_taostore_asynch,131072,24000,8,262144,215325041915,6535043,2218584965120,1489491,6277085,6747054
rec_taostore_asynch,131072,24000,16,262144,211414988671,12862624,16866112176128,4106837,12470690,13181051
rec_taostore_asynch,131072,24000,32,262144,214233811097,26066966,83923719684096,9160989,25373089,26670492
rec_taostore_circuit_2_parallel,131072,24000,1,262144,443690634371,1660051,128983351296,359142,1461524,1833987
rec_taostore_circuit_2_parallel,131072,24000,2,262144,147148702643,1103144,39532310528,198827,971308,1212032
rec_taostore_circuit_2_parallel,131072,24000,4,262144,130575469509,1962462,213666037760,462240,1649597,2261887
rec_taostore_circuit_2_parallel,131072,24000,8,262144,116352318491,3516816,1092709515264,1045327,2768021,4192145
rec_taostore_circuit_2_parallel,131072,24000,16,262144,115893924624,7040598,1076038598656,1037322,6284831,7749612
rec_taostore_circuit_2_parallel,131072,24000,32,262144,113504813043,13820916,1465590874112,1210615,12999598,14606965
rec_mose,131072,24000,1,262144,135064518917,504209,11180058624,105735,459616,507676
rec_mose,131072,24000,2,262144,120472533065,906642,53510475776,231323,777225,896349
rec_mose,131072,24000,4,262144,120469503063,1813611,388028825600,622919,1553338,2001334
rec_mose,131072,24000,8,262144,142029898124,4309001,7907466280960,2812021,2003502,5421700
rec_mose,131072,24000,16,262144,167330937413,10149526,65168482500608,8072700,1970572,12076958
rec_mose,131072,24000,32,262144,179758573203,21782564,272144042819584,16496789,2618382,24483555
rec_mose_tao,131072,24000,1,262144,130931314548,469308,13146571776,114658,410782,516064
rec_mose_tao,131072,24000,2,262144,94195748219,693015,29433348096,171561,586034,769715
rec_mose_tao,131072,24000,4,262144,94031526934,1397820,150649159680,388135,1155810,1574081
rec_mose_tao,131072,24000,8,262144,98206056709,2956938,2928476946432,1711279,1321680,3450853
rec_mose_tao,131072,24000,16,262144,101868128839,6156658,20781444628480,4558667,1405068,7116721
rec_mose_tao,131072,24000,32,262144,102201624122,12382744,104429663551488,10219083,1401158,14175017
4 per 6 pos map 4    