name,N,block_size,clients,bench_size,time,avg_res_time,variance,standard_dev,25th,75th
rec_circuit,1048576,4000,1,262144,192688169298,729886,10864493568,104232,714101,734869
rec_circuit,1048576,4000,2,262144,192688169298,1372017,10864493568,201302,1333145,1413242
rec_circuit,1048576,4000,4,262144,192688169298,2754353,10864493568,403213,2684334,2793913
rec_circuit,1048576,4000,8,262144,192688169298,5543245,10864493568,673543,5343215,5644345
rec_circuit,1048576,4000,16,262144,192688169298,11432424,10864493568,1212313,10832131,11913413
rec_circuit,1048576,4000,32,262144,192688169298,23452424,10864493568,1675353,22654324,24145123

rec_circuit_pipe,1048576,4000,1,262144,192688169298,729886,10864493568,104232,714101,734869
rec_circuit_pipe,1048576,4000,2,262144,180442279297,1372017,31777349632,178262,1330459,1370117
rec_circuit_pipe,1048576,4000,4,262144,435489839619,6637292,275236945920,524630,6491607,6705043
rec_circuit_pipe,1048576,4000,8,262144,438386347293,13370683,468029734912,684127,13113726,13474619
rec_circuit_pipe,1048576,4000,16,262144,431862215511,26348350,810874503168,900485,25952856,26535806
rec_circuit_pipe,1048576,4000,32,262144,423990154311,51749668,1439190089728,1199662,51165363,52162498
                                          
rec_taostore_asynch,1048576,4000,1,262144,158152214987,589572,17758253056,133260,540808,632028
rec_taostore_asynch,1048576,4000,2,262144,66832818379,500007,19714918400,140409,420610,562996
rec_taostore_asynch,1048576,4000,4,262144,57930196756,874692,36441882624,190897,774290,925246
rec_taostore_asynch,1048576,4000,8,262144,60722466471,1826704,287504891904,536194,1635274,2000627
rec_taostore_asynch,1048576,4000,16,262144,63379140541,3848848,1424203579392,1193400,3457184,4163294
rec_taostore_asynch,1048576,4000,32,262144,61927823858,7520492,6014303731712,2452407,6862115,8066366

rec_taostore_circuit_2_parallel,1048576,4000,1,262144,181323509875,679029,12929829888,113709,637006,701888
rec_taostore_circuit_2_parallel,1048576,4000,2,262144,75282564291,564522,10947999744,104632,502793,617816
rec_taostore_circuit_2_parallel,1048576,4000,4,262144,29951463042,446405,6420443648,80127,391037,490737
rec_taostore_circuit_2_parallel,1048576,4000,8,262144,28292039771,857895,37360861184,193289,724977,977924
rec_taostore_circuit_2_parallel,1048576,4000,16,262144,28412818132,1728514,45532409856,213383,1605093,1842204
rec_taostore_circuit_2_parallel,1048576,4000,32,262144,28135708215,3428134,79212265472,281446,3268825,3566017

rec_mose,1048576,4000,1,262144,109575100423,410987,10281050112,101395,378980,427450
rec_mose,1048576,4000,2,262144,57365281483,433380,7236705792,85068,411034,445197
rec_mose,1048576,4000,4,262144,58593749377,889977,22030809088,148427,846461,928529
rec_mose,1048576,4000,8,262144,57124176538,1714073,200336572416,447589,1521420,1849333
rec_mose,1048576,4000,16,262144,64294790354,3895694,739525001216,859956,3645853,4141349
rec_mose,1048576,4000,32,262144,65948553002,8026727,2425126125568,1557281,7551513,8451791


rec_taostore_circuit_2_parallel,1048576,4000,1,262144,183755734329,678307,14796361728,121640,635919,702739
rec_taostore_circuit_2_parallel,1048576,4000,2,262144,74346599341,552094,8710254592,93328,493443,603152
rec_taostore_circuit_2_parallel,1048576,4000,4,262144,30211668501,450223,9406621696,96987,391639,494093
rec_taostore_circuit_2_parallel,1048576,4000,8,262144,28137817110,849299,39515455488,198784,718518,966344
rec_taostore_circuit_2_parallel,1048576,4000,16,262144,28614994705,1736784,47048130560,216905,1611193,1854398
rec_taostore_circuit_2_parallel,1048576,4000,32,262144,31636531423,3851479,74252468224,272493,3673598,4020656




rec_taostore_circuit_2_parallel,1048576,4000,1,262144,197022687090,737182,18903025664,137488,686596,759355
rec_taostore_circuit_2_parallel,1048576,4000,2,262144,85717571541,641509,14820614144,121739,572190,699147
rec_taostore_circuit_2_parallel,1048576,4000,4,262144,37966634185,571056,11039500288,105069,503751,629070
rec_taostore_circuit_2_parallel,1048576,4000,8,262144,36211519656,1096489,35590447104,188654,1000508,1183312
rec_taostore_circuit_2_parallel,1048576,4000,16,262144,37669713367,2289869,56521678848,237742,2157117,2411765
rec_taostore_circuit_2_parallel,1048576,4000,32,262144,37673919774,4589232,118977404928,344931,4402889,4755241
rec_mose,1048576,4000,1,262144,127642292962,472621,9156408320,95689,429567,510430
rec_mose,1048576,4000,2,262144,79976747898,598292,20168710144,142016,514152,672658
rec_mose,1048576,4000,4,262144,81613454966,1227163,152120246272,390025,978927,1394746
rec_mose,1048576,4000,8,262144,85385355861,2569070,3829434941440,1956894,1005002,3024322
rec_mose,1048576,4000,16,262144,81238317923,4878287,21378537357312,4623693,964647,5622281
rec_mose,1048576,4000,32,262144,78894677047,9494505,103054888140800,10151595,928179,10997890

rec_taostore_circuit_2_parallel,1048576,4000,1,262144,180354145371,678334,14787618816,121604,633962,705315
rec_taostore_circuit_2_parallel,1048576,4000,2,262144,75219813442,563272,13049998336,114236,499060,617289
rec_taostore_circuit_2_parallel,1048576,4000,4,262144,30173857420,451893,8338789376,91316,393191,498318
rec_taostore_circuit_2_parallel,1048576,4000,8,262144,31300107619,947493,46047555584,214586,795438,1086730
rec_taostore_circuit_2_parallel,1048576,4000,16,262144,31122467337,1892202,45544923136,213412,1752731,2026571
rec_taostore_circuit_2_parallel,1048576,4000,32,262144,30039607572,3659200,105644507136,325030,3487182,3807522
